3.526357147266857561e-01 5.449716483420190549e-01 5.507154618052471085e-01 7.778665486208431457e-01 7.929206317920831637e-01 1.582293435742944787e+00 2.097674399426063541e-01 2.066641815365598545e-01 1.458838904184594221e-01
3.653156845049961854e-01 4.849545430355839404e-01 4.944714941460165436e-01 7.426020796028910409e-01 7.626136046902599608e-01 1.514973748345836313e+00 2.149514282476265858e-01 2.118542946782396852e-01 1.530120557592160035e-01
3.502769553967384208e-01 5.357719966613228024e-01 5.396262629287803536e-01 7.864061987244486129e-01 7.901127742031420764e-01 1.580320350910499716e+00 2.093308029318076691e-01 1.998918415660644321e-01 1.453391538169391817e-01
3.631853150458719814e-01 4.831622442518002103e-01 4.914982355000528935e-01 7.557748859822850385e-01 7.709743799516006746e-01 1.514152768536509264e+00 2.109046962109603907e-01 2.079210058066985056e-01 1.374355869944367536e-01
3.619689161134453936e-01 4.737353780985955054e-01 4.857726765692333970e-01 7.700315672769045827e-01 7.743758490335685973e-01 1.521638407777265556e+00 2.140504647508797986e-01 1.998349463794852898e-01 1.358910634657691241e-01
3.387818219205189774e-01 5.274641935704398321e-01 5.335704700371372011e-01 7.448664702602298959e-01 7.539967298078937841e-01 1.517932876831106448e+00 2.014815346132493024e-01 1.979716486576488799e-01 1.365236639831480248e-01
3.433293201824609842e-01 5.357009467035608319e-01 5.503803161696960711e-01 8.041587731325843258e-01 8.009800582479136288e-01 1.595582738167296677e+00 2.029858049149485255e-01 1.966814501876594790e-01 1.391129035800827141e-01
3.526357147266857561e-01 5.449716483420190549e-01 5.507154618052471085e-01 7.778665486208431457e-01 7.929206317920831637e-01 1.582293435742944787e+00 2.097674399426063541e-01 2.066641815365598545e-01 1.458838904184594221e-01
3.653156845049961854e-01 4.849545430355839404e-01 4.944714941460165436e-01 7.426020796028910409e-01 7.626136046902599608e-01 1.514973748345836313e+00 2.149514282476265858e-01 2.118542946782396852e-01 1.530120557592160035e-01
3.502769553967384208e-01 5.357719966613228024e-01 5.396262629287803536e-01 7.864061987244486129e-01 7.901127742031420764e-01 1.580320350910499716e+00 2.093308029318076691e-01 1.998918415660644321e-01 1.453391538169391817e-01
3.631853150458719814e-01 4.831622442518002103e-01 4.914982355000528935e-01 7.557748859822850385e-01 7.709743799516006746e-01 1.514152768536509264e+00 2.109046962109603907e-01 2.079210058066985056e-01 1.374355869944367536e-01
3.619689161134453936e-01 4.737353780985955054e-01 4.857726765692333970e-01 7.700315672769045827e-01 7.743758490335685973e-01 1.521638407777265556e+00 2.140504647508797986e-01 1.998349463794852898e-01 1.358910634657691241e-01
3.387818219205189774e-01 5.274641935704398321e-01 5.335704700371372011e-01 7.448664702602298959e-01 7.539967298078937841e-01 1.517932876831106448e+00 2.014815346132493024e-01 1.979716486576488799e-01 1.365236639831480248e-01
3.433293201824609842e-01 5.357009467035608319e-01 5.503803161696960711e-01 8.041587731325843258e-01 8.009800582479136288e-01 1.595582738167296677e+00 2.029858049149485255e-01 1.966814501876594790e-01 1.391129035800827141e-01
